3.561855
3.521137
3.581292
3.600258
3.565457
3.623883
3.587055
3.680855
3.559473
3.559663
3.589663
3.612964
3.489732
3.507725
3.542349
3.525101
3.663822
3.544667
3.570600
3.614580
3.588737
3.531472
3.555271
3.565488
3.514699
3.468614
3.515176
3.508355
3.481370
3.520678
3.594585
3.553864
3.570317
3.612620
3.638506
3.522639
3.497567
3.512694
3.501786
3.476448
3.515777
3.596733
3.536665
3.522823
3.540664
3.597169
3.652840
3.657012
3.627453
3.518774
3.645019
3.555671
3.465657
3.490317
3.528642
3.542677
3.600108
3.621775
3.571226
3.516443
3.488788
3.516864
3.511058
3.589999
3.617000
3.542645
3.607918
3.620509
3.588617
3.622473
3.599183
3.596069
3.648121
3.565763
3.538947
3.559323
3.602163
3.608767
3.618366
3.717463
3.837882
3.776516
3.740432
3.683961
3.684595
3.647113
3.568918
3.676816
3.571864
3.623371
3.577572
3.666254
3.641560
3.734090
3.762687
3.751045
3.710515
3.624754
3.629291
3.594693
3.531212
3.617579
3.617715
3.590684
3.546341
3.477030
3.460001
3.444698
3.540268
87.804513
62.232440
137.967217
162.687959
218.894093
342.611332
422.525299
457.375808
484.645915
496.666504
494.083250
475.973595
458.762988
419.693953
385.805222
320.496349
261.219855
202.005949
150.735228
87.814696
3.769435
3.769137
3.660809
3.598100
3.556781
3.577559
3.664505
3.518107
3.518263
3.454619
3.477675
3.459037
3.491679
3.519406
3.525014
3.521953
3.584701
3.612780
3.552366
3.569384
3.569873
3.539812
3.559068
3.567087
3.505427
3.487543
3.440504
3.543108
3.559389
3.544395
3.542176
3.564410
3.505792
3.455793
3.588049
3.510277
3.474068
3.469766
3.502865
3.457767
3.473567
3.581541
3.524429
3.486508
3.578467
3.631769
3.564949
3.573731
3.487631
3.533553
3.530377
3.510972
3.564513
3.486407
3.538847
3.508214
3.449606
3.551568
3.641295
3.702836
3.739997
3.647086
3.647551
3.619467
3.633619
3.512343
3.492068
3.530154
3.510074
3.491505
3.595218
3.611324
3.661025
3.615989
3.646166
3.656873
3.674205
3.677793
3.732132
3.669531
3.654497
3.512751
3.543607
3.611157
3.607569
3.603367
3.632845
3.648569
3.647601
3.627845
3.633848
3.507954
3.506636
3.537256
3.497365
3.460318
3.472704
3.464347
3.552231
3.557288
3.607188
3.635419
3.612395
3.576979
3.548004
3.589284
3.520401
3.552905
3.492045
3.473504
3.575118
3.482781
3.512301
3.532273
3.495257
3.519402
3.570535
3.470658
3.508345
3.506739
3.489239
3.489116
3.454620
3.471812
3.561179
3.562036
3.603686
3.613328
3.516388
3.570418
3.563335
3.581712
3.566426
3.638949
3.643833
3.608924
3.692924
3.625985
3.721023
3.675223
3.576357
3.502342
3.546115
3.465922
3.493832
3.545600
3.539317
3.472688
3.528759
3.554047
3.553404
3.529264
3.572707
3.592695
3.600100
3.573414
3.523722
3.491460
3.500140
3.490803
3.538374
3.483724
3.476482
3.537920
3.534658
3.487962
3.589454
3.612382
3.583083
3.577231
3.563772
3.457395
3.511048
3.478212
3.485224
3.621725
3.438335
3.551729
3.506523
3.517832
3.593609
3.478565
3.517762
3.539385
3.530891
3.539634
3.590678
3.532269
3.580468
3.534471
3.538082
3.584845
3.601970
3.619200
3.604408
3.648387
3.633223
3.545864
3.542122
3.521378
3.509880
3.548901
3.624734
3.630783
3.665256
3.717933
3.822572
3.890622
3.743913
3.729061
3.667130
3.564028
3.634871
3.504662
3.475558
3.414594
3.490665
3.422146
3.484512
3.502965
3.497194
3.559822
3.628921
3.572569
3.585297
3.598803
3.455475
3.525843
3.488069
3.515317
3.654391
3.637244
3.627873
3.626302
3.701118
3.706929
3.695839
3.679482
3.652662
3.681240
3.649127
3.627933
3.700281
3.654712
3.695921
3.661955
3.611556
3.554219
3.498671
3.498670
3.491968
3.523135
3.547026
3.522937
3.505175
3.540844
3.595722
3.511433
3.544723
3.561644
3.582171
3.568326
3.541162
3.580559
3.646141
3.638539
3.555923
3.476379
3.560188
3.556718
3.550415
3.565007
3.624949
3.533409
3.553979
3.623668
3.642194
3.566760
3.707026
3.607257
3.489922
3.492995
3.515463
3.508534
3.501546
3.506228
3.474822
3.536031
3.575790
3.588661
3.537107
3.572400
3.569175
3.488834
3.496618
3.502208
3.548818
3.479674
3.521383
3.588003
3.472043
3.522049
3.479507
3.554441
3.437723
3.563400
3.557583
3.509281
3.515849
3.562647
3.581801
3.572569
3.612037
3.503094
3.497058
3.491154
3.484055
3.487065
3.581388
3.489336
3.422746
3.463704
3.476179
3.471118
3.474015
3.420950
3.581977
3.490641
3.504206
3.507509
3.537086
3.519207
3.583074
3.585567
3.639978
3.621342
3.645960
3.681746
3.619463
3.587112
3.661262
3.742630
3.786206
3.700183
3.751240
3.728593
3.747271
3.785714
3.803940
3.675139
3.618211
3.627058
3.691582
3.547738
3.656118
3.675079
3.664874
3.666133
3.548702
3.639400
3.522073
3.555709
3.612852
3.550680
3.550212
3.554246
3.632336
3.589547
3.657467
3.681529
3.688116
3.715953
3.687346
3.768152
3.792888
3.789550
3.765045
3.661539
3.562273
3.642845
3.641948
3.695301
3.523601
3.560862
3.540481
3.615911
3.575027
3.624457
3.649294
3.625374
3.521671
3.598568
3.697045
3.574725
3.626248
3.536338
3.532080
3.537405
3.512923
3.485019
3.523041
3.503566
3.613925
3.574507
3.601885
3.563718
3.565441
3.601108
3.630057
3.617845
3.593514
3.542897
3.551018
3.507044
3.493910
3.461075
3.535396
3.576148
3.535010
3.673836
3.606019
3.554563
3.524220
3.626773
3.507972
3.627949
3.599949
3.519678
3.613651
3.640733
3.564922
3.561664
3.538817
3.599035
3.597850
3.609844
3.614425
3.591868
3.602069
3.545797
3.527176
3.700908
3.587085
3.530134
3.530770
3.475112
3.606802
3.643147
3.587750
3.553093
3.531733
3.600096
3.514865
3.511099
3.561448
3.595004
3.513322
3.549729
3.490530
3.593392
3.578435
3.615439
3.594776
3.565172
3.478825
3.565596
3.609100
3.595856
3.560482
3.629871
3.544035
3.545553
3.541865
3.527250
3.556025
3.542355
3.592918
3.544655
3.626970
3.649620
3.619601
3.605764
3.593901
3.601951
3.565684
3.477629
3.517843
3.492831
3.499355
3.536089
3.508176
3.635400
3.678652
3.589762
3.580357
3.470365
3.560462
3.542056
3.508455
3.637057
3.558795
3.655317
3.568240
3.610656
3.637291
3.621733
3.521387
3.631687
3.668698
3.652298
3.547785
3.564911
3.654169
3.593805
3.563772
3.556675
3.509233
3.529461
3.507692
3.464806
3.485116
3.427903
3.533544
3.489682
3.576995
3.582830
3.631705
3.609108
3.652441
3.637151
3.592360
3.563786
3.549474
3.567917
3.590721
3.508869
3.578319
3.499916
3.600640
3.572972
3.537004
3.569655
3.575705
3.646133
3.573020
3.610341
3.605332
3.626475
3.504338
3.506349
3.521804
3.555100
3.513665
3.561286
3.568110
3.559334
3.532622
3.521673
3.537161
3.547135
3.518814
3.517369
3.591710
3.553891
3.556347
3.509319
3.566964
3.551348
3.510073
3.594350
3.591818
3.606469
3.545307
3.562350
3.540790
3.483089
3.552382
3.489697
3.541176
3.543307
3.651407
3.543132
3.608439
3.730351
3.648438
3.533510
3.639483
3.589336
3.599920
3.637315
3.678420
3.599924
3.589773
3.600539
3.634084
3.686697
3.633671
3.661563
3.663095
3.620972
3.704117
3.642613
3.630123
3.658828
3.670807
3.626426
3.572427
3.621849
3.560129
3.539409
3.489255
3.515578
3.466657
3.454169
3.503260
3.556176
3.493732
3.538259
3.461893
3.501298
3.570780
3.584305
3.607157
3.609691
3.598755
3.528550
3.476411
3.504947
3.523395
3.602527
3.596650
3.571396
3.595674
3.475141
3.493118
3.541906
3.527485
3.543540
3.501377
3.502837
3.518478
3.505548
3.482613
3.558626
3.471227
3.513019
3.491404
3.519109
3.608142
3.597220
3.600931
3.455973
3.523762
3.482635
3.539836
3.494895
3.555017
3.608627
62.269550
3.590811
3.486874
62.182615
3.474642
3.490030
3.491451
3.545405
3.490445
62.222350
138.240602
151.459066
173.844594
150.699576
123.528340
62.285642
107.370111
3.549638
123.711257
3.515027
62.252588
123.555702
194.970406
185.030662
221.505819
245.095801
265.904537
259.486080
291.782992
320.129772
319.926180
325.435761
349.779304
336.024224
354.715631
364.780043
350.225622
373.527470
398.826020
414.398946
417.780927
393.065979
376.323728
401.174823
409.104425
446.993684
430.948726
455.115580
455.579635
474.014880
489.696167
511.261913
529.844037
521.285672
544.516839
541.125814
555.502802
555.705831
569.899336
572.500099
585.987825
583.358203
577.626957
598.064725
597.875002
604.027167
602.529964
624.526052
620.794598
639.250818
642.782044
657.343537
648.861988
651.517860
660.446393
663.606582
661.645776
667.567391
672.806958
671.716133
670.083219
674.564404
679.953096
677.764128
676.728482
677.394073
669.971822
670.407016
670.779178
673.925082
675.511913
670.413813
670.335686
677.601234
672.197151
671.871059
674.432718
667.296595
658.467786
645.405252
638.406194
649.192602
637.364433
633.446085
635.762839
625.400727
642.661167
621.416914
617.015188
613.000257
610.542619
610.155698
588.087431
582.823876
581.345288
594.968170
581.962817
573.912770
588.247958
591.645192
567.841272
593.622467
584.963095
574.895874
558.591436
528.522821
516.603916
523.118007
540.097544
523.512137
489.844014
487.657036
496.824364
467.304592
465.220142
470.109055
472.969879
461.348145
452.822802
422.298267
423.257377
398.898836
412.304847
417.841372
392.139216
384.432331
370.877846
352.012608
346.451372
353.495429
346.539615
346.581951
320.775479
297.080048
291.793130
268.797984
219.822534
219.101023
228.860239
174.749099
220.391998
228.226608
279.444631
261.416679
210.751985
241.292386
210.620149
210.655908
210.726091
173.476669
183.548927
162.628277
123.736304
138.446446
87.823756
107.303546
162.565887
173.422431
173.399370
173.395770
150.855885
137.932442
87.844325
62.271001
62.265004
3.637199
107.348864
3.595055
3.585804
3.543317
3.591575
62.249095
107.251651
3.624259
107.173513
107.335710
3.671587
3.616362
3.585984
3.621587
3.682284
3.652859
3.574183
3.603641
3.610600
3.607972
3.538578
107.229979
3.587991
62.256354
3.497545
3.518663
3.468183
